# streams 200000
# name scored insufficient unsupported error below0.05 below0.01 below0.001 histogram
slot diehard::binary_rank_31x31 200000 0 0 0 10117 2015 182 10117,9896,9868,9940,10039,9839,10160,9993,10206,10023,9832,9986,9927,10030,10116,9982,10022,9829,10033,10162
slot diehard::binary_rank_32x32 200000 0 0 0 10051 2041 180 10051,9837,10111,9939,10231,9972,10030,9918,10038,10050,9984,10049,9842,10018,9926,9818,10175,9943,10026,10042
slot diehard::binary_rank_6x8 200000 0 0 0 9958 1989 216 9958,9953,9912,9998,10037,9847,10022,10067,10091,9941,10139,9933,9889,10012,10261,9923,9985,9877,10041,10114
slot diehard::birthday_spacings 200000 0 0 0 9746 1916 170 9746,9813,9884,10046,9945,10020,9942,9913,9940,10125,10155,10098,9958,10208,10153,9924,9895,9968,10218,10049
slot diehard::bitstream 200000 0 0 0 9965 1979 191 9965,9865,9991,9864,9998,10090,10029,10105,10282,9995,9779,10066,9698,10163,10148,10009,10034,9980,9964,9975
slot diehard::count_ones_stream 200000 0 0 0 10206 2114 226 10206,10111,10202,9864,10002,10162,10177,9842,10027,10131,9952,9767,9886,9897,10162,9964,9847,9966,9995,9840
slot diehard::craps_throws 200000 0 0 0 10118 1991 206 10118,9992,10168,10040,9981,9897,9812,10122,9961,10242,9917,10114,9890,9961,9950,9736,9964,10115,10098,9922
slot diehard::craps_wins 200000 0 0 0 10049 2027 205 10049,10146,9901,9687,9952,10143,10114,9903,10068,10037,9889,9871,10040,9793,10084,10379,9649,10317,9878,10100
slot diehard::dna 200000 0 0 0 9926 1979 186 9926,10136,10136,10041,9954,9886,9851,9863,10037,9739,9967,9937,10229,9796,10319,9948,10062,9961,10072,10140
slot diehard::minimum_distance_2d 200000 0 0 0 10341 2096 208 10341,9853,9952,10041,10034,9997,10091,9854,9806,9972,9894,10040,10063,9913,9997,10043,9969,10152,9936,10052
slot diehard::opso 200000 0 0 0 10121 2062 185 10121,10092,9842,9944,9936,9984,10005,10014,9882,9932,10096,9967,10379,9860,10010,9982,10019,10045,9811,10079
slot diehard::oqso 200000 0 0 0 10095 2020 204 10095,9819,10077,10162,9961,9997,9950,9905,9910,9924,10027,9850,10357,9861,10020,10014,10031,9980,9936,10124
slot diehard::parking_lot 200000 0 0 0 9571 2178 195 9571,10501,10124,11383,11308,9230,7180,9614,12117,5917,13710,7052,13803,5883,13319,13549,6329,10335,9770,9305
slot diehard::runs_down 200000 0 0 0 10036 2008 218 10036,9990,10086,10038,10030,9935,9945,10115,10020,9932,9880,10149,10062,9864,9837,10165,9944,10075,9938,9959
slot diehard::runs_up 200000 0 0 0 9936 1993 209 9936,10021,10082,10010,9975,10138,10008,10136,9948,9941,10091,10086,10078,10021,9854,9984,9881,9938,9956,9916
slot diehard::spheres_3d 200000 0 0 0 9956 1986 176 9956,10100,9914,10056,9933,10031,9943,10093,9981,10034,10199,10064,9961,9863,10066,9990,10007,9945,9892,9972
slot diehard::squeeze 200000 0 0 0 10256 2132 229 10256,9973,10162,10064,9948,9936,9896,9950,9841,9980,9965,10022,10022,10109,9843,9975,9989,10062,10087,9920
slot diehard_historical::count_ones_bytes 5000000 0 0 0 255906 51882 5321 255906,252632,251313,250479,249672,250783,250441,249260,249228,249175,249785,249382,249341,248129,249226,248540,248816,249038,249494,249360
slot diehard_historical::operm5 200000 0 0 0 10096 2027 223 10096,10022,9944,9816,9984,10139,10191,10023,10110,10034,10018,9889,9811,10007,10008,9987,9850,9991,10080,10000
slot diehard_historical::overlapping_sums 200000 0 0 0 10179 2055 181 10179,10199,10043,10157,10045,10010,9766,9948,9958,9734,10080,9986,9908,10034,10026,9917,10030,9983,10185,9812
slot diehard_historical::rank_6x8_windows 5000000 0 0 0 249118 49847 5095 249118,249837,249634,249346,250794,249426,250960,249490,251351,246837,250803,249442,249525,250294,252590,249385,250572,250185,249966,250445
slot diehard_historical::rank_6x8_windows_summary 200000 0 0 0 10102 1930 190 10102,9818,10002,10176,9987,9981,9849,9849,9957,10028,10047,9875,9975,10227,9989,10092,10046,10018,9966,10016
slot dieharder::bit_distribution 102000000 0 0 0 5100732 1023965 104181 5100732,5095315,5099914,5096263,5095850,5100352,5097966,5099476,5100949,5101402,5104365,5099743,5105615,5104272,5100203,5098690,5097306,5099112,5103146,5099329
slot dieharder::byte_distribution 200000 0 0 0 10050 2011 194 10050,9958,10070,10027,10039,9965,9990,9991,10050,9981,9891,9899,9956,10004,9967,9980,10104,10048,10092,9938
slot dieharder::dct 200000 0 0 0 10115 2133 234 10115,9787,9919,10103,9810,9998,10123,9882,10421,10191,9709,10023,10242,9732,10120,9985,10121,10002,9830,9887
slot dieharder::fill_tree_count 200000 0 0 0 9923 2039 209 9923,9860,9895,9709,9949,9944,10048,10233,10091,10087,10046,10204,10128,9984,9903,9983,10020,10147,10036,9810
slot dieharder::fill_tree_position 200000 0 0 0 9937 2024 226 9937,10007,10082,10083,9975,9890,10034,10061,10039,9907,9964,10229,9950,9853,10060,10096,9870,10088,9956,9919
slot dieharder::gcd_distribution 200000 0 0 0 9954 2012 210 9954,10024,10042,9947,9998,9828,9923,10017,9842,9831,9985,10020,10161,10070,10015,9999,10034,10308,10005,9997
slot dieharder::gcd_step_counts 200000 0 0 0 10082 2072 220 10082,9901,9875,9929,10144,9915,9966,9828,9826,9917,9905,9881,10081,10165,10235,10061,10031,10045,10048,10165
slot dieharder::ks_uniform 200000 0 0 0 10220 2062 206 10220,9964,9987,9849,9874,10021,9912,9968,9999,9870,10095,9941,9892,9963,9949,10065,10238,9965,10073,10155
slot dieharder::lagged_sums 400000 0 0 0 19863 4013 394 19863,20198,19890,19861,20030,19861,20036,20111,19924,19892,19895,20152,20127,20195,20060,19969,19720,20042,20035,20139
slot dieharder::minimum_distance_nd 200000 0 0 0 10217 1954 199 10217,10016,10025,10082,10025,10080,9879,9950,10130,9888,9995,9976,9950,10031,10107,10149,10019,9760,9800,9921
slot dieharder::monobit2 200000 0 0 0 10330 2119 210 10330,9636,8949,8720,8338,7955,7518,7088,6761,6382,6103,5800,5555,5168,5077,4792,4497,4377,4182,72772
slot dieharder::permutations 200000 0 0 0 10083 2046 230 10083,10095,10008,10034,9911,10157,10150,9797,9980,9786,10093,10057,9961,9926,9999,10002,9746,10220,10027,9968
slot maurer::universal_l05 200000 0 0 0 13083 3002 353 13083,11424,10769,10362,10339,10040,9858,9843,9693,9877,9567,9617,9512,9454,9462,9413,9256,9463,9507,9461
slot maurer::universal_l06 200000 0 0 0 12151 2744 314 12151,10861,10365,10490,10227,10060,9817,9797,9737,9838,9788,9638,9838,9702,9590,9492,9652,9674,9644,9639
slot maurer::universal_l07 200000 0 0 0 11367 2516 292 11367,10651,10360,10030,10130,10227,9980,9900,9875,9680,9720,9854,9840,9698,9716,9760,9709,9903,9659,9941
slot maurer::universal_l08 200000 0 0 0 10741 2248 259 10741,10559,10263,10286,10090,9957,9856,9776,9851,9929,10057,9922,9892,9824,9965,9731,9899,9909,9655,9838
slot maurer::universal_l09 200000 0 0 0 10029 1946 166 10029,10045,10074,10053,10238,10082,9998,9919,10014,10035,10097,9977,9798,10092,10015,9928,9968,9907,9940,9791
slot maurer::universal_l10 200000 0 0 0 9446 1841 185 9446,9760,9810,10014,9881,10004,9800,10090,10088,9932,10056,10197,9933,10292,10107,10335,9931,10185,10063,10076
slot maurer::universal_l11 0 200000 0 0 0 0 0 0,0,0,0,0,0,0,0,0,0,0,0,0,0,0,0,0,0,0,0
slot maurer::universal_l12 0 200000 0 0 0 0 0 0,0,0,0,0,0,0,0,0,0,0,0,0,0,0,0,0,0,0,0
slot maurer::universal_l13 0 200000 0 0 0 0 0 0,0,0,0,0,0,0,0,0,0,0,0,0,0,0,0,0,0,0,0
slot maurer::universal_l14 0 200000 0 0 0 0 0 0,0,0,0,0,0,0,0,0,0,0,0,0,0,0,0,0,0,0,0
slot maurer::universal_l15 0 200000 0 0 0 0 0 0,0,0,0,0,0,0,0,0,0,0,0,0,0,0,0,0,0,0,0
slot maurer::universal_l16 0 200000 0 0 0 0 0 0,0,0,0,0,0,0,0,0,0,0,0,0,0,0,0,0,0,0,0
slot nist::approximate_entropy 200000 0 0 0 10124 1953 185 10124,9971,10019,10048,9922,10002,10095,9820,9951,10050,10089,9971,10022,9999,10083,9770,10081,9986,10078,9919
slot nist::block_frequency 200000 0 0 0 9866 1842 157 9866,9904,10088,9932,10079,9954,10044,10010,10119,10017,10095,10198,10028,9907,10016,10207,10009,9979,9792,9756
slot nist::cumulative_sums_backward 200000 0 0 0 10077 2029 203 10077,10170,9887,10103,10055,10029,9967,10017,9837,10129,10088,9955,9956,9949,9904,9902,10077,9918,9953,10027
slot nist::cumulative_sums_forward 200000 0 0 0 10222 2061 199 10222,10085,10023,9991,10105,10073,9914,9911,10031,9876,10228,9996,9841,9952,9956,10005,9888,9926,9968,10009
slot nist::frequency 200000 0 0 0 10112 2000 204 10112,10125,9998,10211,10036,10023,9881,9894,10019,9879,9811,10152,10027,10176,9881,10102,9815,9941,9815,10102
slot nist::linear_complexity 200000 0 0 0 10194 2040 224 10194,9886,10088,9882,10015,10119,9996,9913,10067,10210,9793,10047,9980,9968,10052,10128,9920,9865,9972,9905
slot nist::longest_run 200000 0 0 0 9909 2015 211 9909,10052,10056,10070,10020,10011,9838,10159,10113,9704,9924,10058,9894,10031,10173,10000,9893,10101,10085,9909
slot nist::matrix_rank 200000 0 0 0 10068 1967 208 10068,10052,10127,9942,10156,9888,9903,9884,9865,9929,9971,10146,9848,9987,9967,9992,10036,10272,9776,10191
slot nist::non_overlapping_template 29600000 0 0 0 1482728 296506 30196 1482728,1478594,1479687,1478394,1479953,1480362,1480826,1479854,1481164,1481032,1479539,1479306,1480713,1479979,1480041,1479848,1480358,1477838,1479295,1480489
slot nist::overlapping_template 200000 0 0 0 10040 1991 196 10040,10015,9873,10013,9967,10075,9971,10019,9782,10178,10163,9920,9933,9953,10061,10030,10074,9977,9975,9981
slot nist::random_excursions 1439856 160144 0 0 73186 15387 1710 73186,71677,71629,71710,71749,71850,72033,71727,71922,72146,72025,72300,71557,72805,71910,72119,71942,72148,71865,71556
slot nist::random_excursions_variant 3239676 360324 0 0 160491 33068 3832 160491,160517,160857,161486,162465,161808,162309,162307,162154,162228,162126,161974,162549,161936,162600,162397,162679,162849,162024,161920
slot nist::runs 200000 0 0 0 10120 2057 210 10120,9864,10115,9891,9979,9935,9941,9933,9950,9826,10027,9941,10051,10081,10106,9940,10048,10254,10027,9971
slot nist::serial_delta1 200000 0 0 0 10128 2042 188 10128,10039,9994,9907,10013,9961,10009,9821,9990,10113,9940,10047,10050,9988,10033,9990,9999,10149,9909,9920
slot nist::serial_delta2 200000 0 0 0 10023 1980 195 10023,9980,9941,9992,9894,9960,10120,10017,10131,10243,9916,9923,9931,10021,9865,10028,10103,10096,9880,9936
slot nist::spectral 200000 0 0 0 11363 2426 292 11363,10550,10251,10325,10056,10203,10070,10190,9843,9660,10097,9610,9712,9775,9779,9561,9598,9991,9565,9801
slot nist::universal 200000 0 0 0 9446 1841 185 9446,9760,9810,10014,9881,10004,9800,10090,10088,9932,10056,10197,9933,10292,10107,10335,9931,10185,10063,10076
family diehard::binary_rank_31x31 10117 2015 182
family diehard::binary_rank_32x32 10051 2041 180
family diehard::binary_rank_6x8 9958 1989 216
family diehard::birthday_spacings 9746 1916 170
family diehard::bitstream 9965 1979 191
family diehard::count_ones_stream 10206 2114 226
family diehard::craps_throws 10118 1991 206
family diehard::craps_wins 10049 2027 205
family diehard::dna 9926 1979 186
family diehard::minimum_distance_2d 10341 2096 208
family diehard::opso 10121 2062 185
family diehard::oqso 10095 2020 204
family diehard::parking_lot 9571 2178 195
family diehard::runs_down 10036 2008 218
family diehard::runs_up 9936 1993 209
family diehard::spheres_3d 9956 1986 176
family diehard::squeeze 10256 2132 229
family diehard_historical::count_ones_bytes 10228 2153 225
family diehard_historical::operm5 10096 2027 223
family diehard_historical::overlapping_sums 10179 2055 181
family diehard_historical::rank_6x8_windows 9857 2020 200
family diehard_historical::rank_6x8_windows_summary 10102 1930 190
family dieharder::bit_distribution 10202 2104 209
family dieharder::byte_distribution 10050 2011 194
family dieharder::dct 10115 2133 234
family dieharder::fill_tree_count 9923 2039 209
family dieharder::fill_tree_position 9937 2024 226
family dieharder::gcd_distribution 9954 2012 210
family dieharder::gcd_step_counts 10082 2072 220
family dieharder::ks_uniform 10220 2062 206
family dieharder::lagged_sums 9845 1985 223
family dieharder::minimum_distance_nd 10217 1954 199
family dieharder::monobit2 10330 2119 210
family dieharder::permutations 10083 2046 230
family maurer::universal_l05 13083 3002 353
family maurer::universal_l06 12151 2744 314
family maurer::universal_l07 11367 2516 292
family maurer::universal_l08 10741 2248 259
family maurer::universal_l09 10029 1946 166
family maurer::universal_l10 9446 1841 185
family nist::approximate_entropy 10124 1953 185
family nist::block_frequency 9866 1842 157
family nist::cumulative_sums_backward 10077 2029 203
family nist::cumulative_sums_forward 10222 2061 199
family nist::frequency 10112 2000 204
family nist::linear_complexity 10194 2040 224
family nist::longest_run 9909 2015 211
family nist::matrix_rank 10068 1967 208
family nist::non_overlapping_template 9631 1966 177
family nist::overlapping_template 10040 1991 196
family nist::random_excursions 8763 1985 262
family nist::random_excursions_variant 4369 1114 169
family nist::runs 10120 2057 210
family nist::serial_delta1 10128 2042 188
family nist::serial_delta2 10023 1980 195
family nist::spectral 11363 2426 292
family nist::universal 9446 1841 185
battery 187031 84644 11054
